31, 33, 38, 46, 51, 80
21, 27, 44, 46, 63
15, 20, 26, 32, 42, 43, 64
13, 25, 36, 49, 65, 76
19, 55, 60, 66
14, 18, 26, 40, 42, 68, 71
15, 32, 33, 42, 48, 70
25, 53, 75
20, 35, 45, 48
16, 17, 35, 43, 45
14, 16, 26, 43, 54
21, 23, 24, 25, 49, 62
04, 49, 56, 65, 72
06, 11, 18, 26, 54, 67, 78, 81
03, 07, 20, 32, 48
10, 11, 41, 43, 54, 77
10, 22, 59
06, 14, 19, 37, 71, 78
05, 18, 37, 55, 57, 66, 71
03, 09, 15, 45, 48, 64
02, 12, 23, 44, 47, 49, 63, 72
17, 39, 59
12, 21, 24, 44, 62
12, 23, 25, 28, 29, 44, 58, 62, 69
04, 08, 12, 24, 36, 49, 53, 69, 75
03, 06, 11, 14, 42, 43
02, 31, 46, 63, 79, 80
24, 29, 52, 58, 61
24, 28, 61, 69
65, 73
01, 27, 80
03, 07, 15, 42
01, 07, 42, 51, 70
39, 41, 59
09, 10, 45
04, 25, 75, 76
18, 19, 57, 74, 78
01, 46, 50, 51, 58, 66
22, 34, 59
06, 50, 66, 68, 71
16, 34, 54, 77
03, 06, 07, 26, 32, 33, 51, 68, 70
03, 10, 11, 16, 26, 45, 64
02, 21, 23, 24, 46, 58
09, 10, 20, 35, 43, 64
01, 02, 27, 38, 44, 58, 80
21, 56, 63, 72, 73
07, 09, 15, 20
04, 12, 13, 21, 25, 72
38, 40, 51, 66, 68
01, 33, 38, 42, 50, 68
28, 55, 58, 60
08, 25, 61, 69
11, 14, 16, 41, 81
05, 19, 52, 57, 60
13, 47, 65, 72, 73
19, 37, 55
24, 28, 38, 44, 46, 52, 60, 66
17, 22, 34, 39
05, 52, 55, 58, 66
28, 29, 53, 69
12, 23, 24
02, 21, 27, 47
03, 20, 43, 45
04, 13, 30, 56, 73
05, 19, 38, 40, 50, 58, 60, 71
14, 74, 78, 81
06, 40, 42, 50, 51
24, 25, 29, 53, 61
07, 33, 42
06, 18, 19, 40, 66
13, 21, 47, 49, 56
30, 47, 56, 65
37, 67, 78
08, 25, 36
04, 36
16, 41
14, 18, 37, 67, 74
27
01, 27, 31, 46
14, 54, 67